14 0.1336470588235294 0.5733039215686274 0.2672941176470588 0.32083333333333336
14 0.37735294117647056 0.33041176470588235 0.33822549019607845 0.444343137254902
14 0.4140392156862745 0.6327450980392156 0.27466666666666667 0.2607843137254902
14 0.0630686274509804 0.40155882352941175 0.1261372549019608 0.1042843137254902
14 0.16325490196078432 0.788686274509804 0.20807843137254903 0.18027450980392157
14 0.2628529411764706 0.14437254901960783 0.22845098039215686 0.21007843137254903
14 0.3993137254901961 0.8743823529411765 0.20960784313725492 0.2512254901960784
14 0.6730392156862746 0.8341764705882353 0.24687254901960784 0.2932254901960784
14 0.8265588235294118 0.3473529411764706 0.3468921568627451 0.38059803921568625
14 0.5285196078431373 0.14618627450980393 0.1582156862745098 0.13473529411764706
14 0.5738235294117646 0.3459901960784314 0.1707843137254902 0.30880392156862746
14 0.7336176470588235 0.14325490196078433 0.25511764705882356 0.20338235294117646
14 0.5563627450980392 0.04235294117647059 0.14331372549019608 0.08470588235294119
14 0.8590980392156863 0.5992254901960785 0.23945098039215687 0.15920588235294117