4 0.6873333333333334 0.4817941176470588 0.2013235294117647 0.22947058823529412
4 0.8551568627450981 0.5007450980392156 0.2075686274509804 0.30126470588235293
4 0.8141764705882353 0.26741176470588235 0.19228431372549018 0.2124705882352941
4 0.6130196078431372 0.26290196078431377 0.22133333333333333 0.21521568627450982
4 0.32148039215686275 0.15699999999999997 0.2147156862745098 0.2543823529411765
4 0.41343137254901957 0.38719607843137255 0.26920588235294113 0.18717647058823528
4 0.5179509803921568 0.10559803921568627 0.1845 0.2065
4 0.13011764705882353 0.6827745098039215 0.2555294117647059 0.1881862745098039
4 0.28893137254901957 0.5741764705882353 0.18884313725490195 0.27699019607843134
4 0.48187254901960785 0.610656862745098 0.19390196078431374 0.23229411764705882
4 0.5818627450980393 0.7657352941176471 0.23704901960784314 0.20656862745098037
4 0.2852058823529412 0.8143725490196078 0.2245294117647059 0.21909803921568627