9 0.41283333333333333 0.35705882352941176 0.3739019607843137 0.27803921568627454
9 0.5385490196078432 0.6190098039215686 0.44526470588235295 0.3117843137254902
9 0.19795098039215686 0.5938039215686274 0.3959019607843137 0.3789901960784314
9 0.6916568627450981 0.9040196078431373 0.12727450980392155 0.16922549019607844
9 0.8124313725490195 0.8202549019607843 0.16807843137254902 0.21516666666666667
9 0.24855882352941178 0.12948039215686274 0.13504901960784313 0.1457549019607843
9 0.3632549019607843 0.09259803921568628 0.08212745098039215 0.17245098039215687
9 0.08843137254901962 0.23302941176470587 0.17686274509803923 0.22100980392156863
9 0.8022450980392156 0.5805588235294117 0.39550980392156865 0.3416176470588235
9 0.25755882352941173 0.8747058823529412 0.34569607843137257 0.25058823529411767
9 0.4728529411764706 0.8600000000000001 0.18841176470588236 0.28
9 0.8492156862745098 0.4404117647058824 0.3015686274509804 0.2839705882352941