9 0.6977254901960784 0.6477352941176471 0.15544117647058825 0.3182156862745098
9 0.8490980392156863 0.6282254901960784 0.16926470588235296 0.32080392156862747
9 0.9315686274509805 0.427656862745098 0.13686274509803922 0.18393137254901962
9 0.7577156862745098 0.2409313725490196 0.15150980392156863 0.19323529411764706
9 0.47087254901960784 0.25520588235294117 0.17626470588235293 0.1021372549019608
9 0.425 0.0923529411764706 0.13941176470588235 0.1847058823529412
9 0.532843137254902 0.11045098039215685 0.12333333333333334 0.1798921568627451
9 0.4404901960784314 0.5112156862745099 0.22136274509803922 0.2490980392156863
9 0.46459803921568626 0.7955392156862745 0.21077450980392157 0.2724509803921568
9 0.25991176470588234 0.6927745098039215 0.2406078431372549 0.17994117647058822
9 0.1007156862745098 0.6382450980392157 0.20142156862745098 0.21841176470588236
9 0.0403921568627451 0.5770980392156863 0.0807843137254902 0.11419607843137256
9 0.2746176470588235 0.3290098039215686 0.13277450980392158 0.2807647058823529
9 0.641078431372549 0.29697058823529415 0.1735392156862745 0.19507843137254902