14 0.41009803921568627 0.10617647058823529 0.1723529411764706 0.1331372549019608
14 0.5989215686274509 0.13536274509803922 0.1676470588235294 0.1261372549019608
14 0.7732156862745098 0.19381372549019607 0.1680686274509804 0.1174705882352941
14 0.9285000000000001 0.2465686274509804 0.13986274509803923 0.16647058823529412
14 0.6226274509803922 0.46997058823529414 0.15820588235294117 0.12357843137254902
14 0.5363627450980393 0.37229411764705883 0.11115686274509803 0.1228529411764706
14 0.4026470588235294 0.3585686274509804 0.11824509803921568 0.14248039215686276
14 0.29461764705882354 0.4023039215686275 0.11786274509803922 0.12950980392156863
14 0.14423529411764707 0.3750392156862745 0.15828431372549018 0.15658823529411764
14 0.1234607843137255 0.5382254901960785 0.12455882352941176 0.11255882352941177
14 0.19678431372549018 0.652578431372549 0.13788235294117646 0.13093137254901963
14 0.18972549019607843 0.7683039215686274 0.10807843137254901 0.09555882352941177
14 0.29030392156862744 0.8114509803921568 0.13276470588235292 0.10337254901960784
14 0.4938235294117647 0.5023333333333333 0.09548039215686274 0.12552941176470586
14 0.6485196078431372 0.7286764705882353 0.1351078431372549 0.13558823529411765
14 0.535578431372549 0.6610098039215686 0.12527450980392157 0.11013725490196079
14 0.365 0.6290392156862745 0.1527549019607843 0.11525490196078432
14 0.2728529411764706 0.5200196078431372 0.1488529411764706 0.12161764705882352
14 0.3005 0.7073039215686275 0.1217843137254902 0.09598039215686276
14 0.4030490196078432 0.7479019607843137 0.10840196078431372 0.10498039215686274
14 0.34658823529411764 0.8846078431372548 0.11152941176470589 0.10215686274509804
14 0.5497058823529413 0.9028529411764705 0.1288235294117647 0.10097058823529412
14 0.5428333333333334 0.7920294117647059 0.13586274509803922 0.11476470588235295
14 0.6895 0.5853039215686274 0.15119607843137256 0.12822549019607843