14 0.308343137254902 0.28015686274509805 0.13747058823529412 0.1556078431372549
14 0.4414705882352941 0.3560098039215686 0.14098039215686275 0.1750392156862745
14 0.5875392156862744 0.39784313725490195 0.13114705882352942 0.21843137254901962
14 0.7034117647058824 0.4968333333333333 0.1628921568627451 0.21497058823529414
14 0.750264705882353 0.2564313725490196 0.13504901960784313 0.20619607843137255
14 0.7590882352941176 0.7139509803921569 0.16445098039215686 0.24740196078431373
14 0.4377450980392157 0.5955490196078431 0.17666666666666667 0.22168627450980394
14 0.5747941176470588 0.7092450980392156 0.12527450980392157 0.19404901960784315
14 0.5491078431372549 0.8893039215686275 0.16409803921568628 0.18688235294117647
14 0.3573529411764706 0.8355588235294118 0.1805980392156863 0.19241176470588234
14 0.24991176470588236 0.5448921568627451 0.15395098039215688 0.18551960784313726